# query: txid1386[Organism:exp] AND "ribosomal RNA" AND (biomol_rrna[PROP] AND refseq[filter])  
# date: 4/17/2018
645322190
645322133
645322161
645322159
645322154
645322153
645322148
645322144
645322138
645322137
645322136
645322132
645322131
645322129
470469909
343206237
343206236
310975029
452192317
451991606
939733297
1315204023
1277396268
1277396186
1246951775
1269801501
1269801457
1269801279
1269693839
659364953
645322399
645322283
636559654
636559007
636559006
631253224
631250860
444439608
444439599
444439589
444304116
343202362
343202333
343202322
343201560
343201548
343201410
343200165
343200164
343200163
343200162
343200161
343200106
343200105
343198850
343198700
343198499
265678846
265678772
265678318
1240411944
1240411920
1240411874
1240411844
1230874652
1230874627
1230874626
1227086160
1227086130
1227086120
1227086103
1212229211
1212229205
1212229180
1212229176
1199303415
1193829154
1193829140
1193829139
1182956111
1182956110
1150406781
1150406780
1150406751
1146059202
1146059140
1137647844
1137647796
1137647752
1116030283
1116030261
1116030258
1116030255
1116030254
1116030241
1109167960
1024974757
1024974712
1024974709
939733302
1040567072
1040567058
1040567052
1040567011
1018196585
1018196582
1013172436
1013172431
1011034845
974142183
974142182
974142181
961555013
961555012
961555011
961555010
961555009
961555008
961555007
961555006
959494824
959494823
959494822
959494821
926663131
926663088
566084869
470476129
470475068
343201358
672239040
672239026
672239001
672238976
672238975
672238941
672238865
662020075
662020063
645321979
645321978
645321611
645321493
645321491
645321488
645321487
645321486
645321485
645321483
645321482
645321409
645321408
645321407
645321404
645321287
645320834
645320714
645320396
645320215
645320214
645320135
645320095
645319965
645319964
645319949
645319827
645319680
645319650
636560826
636560813
636560791
636560789
636560771
636560649
636560641
636560584
636560414
636560329
636560180
636560132
636560131
636560130
636560129
636560128
636560127
636560126
636560125
636560123
636559963
636559962
636559957
636559940
636559933
636559893
636559874
636559873
636559871
636559870
636559869
636559817
636559667
636559543
636559523
636559522
636559521
636559520
636559519
636559518
636559517
636559516
636559468
636559467
636559466
636559277
636559268
636559248
636559226
636559225
636559169
636558862
636558855
636558525
636558524
631252976
631252898
631252897
631252896
631252895
631252888
631252887
631252868
631252798
631252797
631252796
631252795
631252794
631252793
631252792
631252791
631252747
631252602
631252579
631252578
631252390
631252068
631252067
631251993
631251588
631251582
631251529
631251528
631251526
631251525
631251489
631251488
631251440
631251439
631251438
631251437
631251436
631251435
631251434
631251433
631251432
631250773
566085598
566085597
566085591
566085583
566085417
566085401
566085275
566085274
566085271
566085239
566085199
566085179
566085175
566085096
566085090
566085080
566085052
566084949
566084948
559795326
559795282
559795162
558508642
548532784
507148376
507148230
507148222
485099195
470487442
470486859
470486111
470482785
470482467
470482274
470481520
470476644
470469924
451991731
343205995
343205762
343205668
343204416
343204294
343202909
343202907
343202767
343202631
343202629
343202598
343202544
343201657
343201613
343201612
343201611
343201610
343201487
343201442
343201435
343201357
343201101
343200954
343200884
343200836
343200778
343200768
343200692
343200691
343200690
343200588
343200561
343200554
343200298
343199097
343198970
343198785
343198718
343198706
343198686
343198685
343198673
343198620
343198619
343198618
343198597
343198568
310975123
310975076
310975025
310975016
310974996
310974904
265678717
265678697
265678407
265678322
228716557
224581445
219878487
219878452
219878451
219878441
219878418
219878372
219878334
219878307
219878234
219878231
219878125
219857652
219857651
219857542
219857534
219857472
219857343
219857189
219857180
219857170
219857138
219856878
219856877
219856876
219856874
219856872
219856871
219856870
219846553
219846552
219846551
219846548
219846547
219846546
219846419
219846252
219846196
219846195
219846151
662019960
662019948
507148493
507148490
507148483
485099279
452192278
452192228
451991987
451991964
451991950
451991901
451991759
451991664
451991607
